[gd_scene load_steps=9 format=3 uid="uid://cutv8ysrwi7y1"]

[ext_resource type="Script" path="res://Scripts/player.gd" id="2_tqwri"]
[ext_resource type="Texture2D" uid="uid://bffkavw7yxv2n" path="res://textures/aerial_rocks_02_diff_4k.png" id="3_i56a4"]
[ext_resource type="PackedScene" uid="uid://rv0edrca5qfa" path="res://Scenes/character.tscn" id="3_ukj5h"]
[ext_resource type="Texture2D" uid="uid://24wglud4q0sv" path="res://textures/aerial_rocks_02_nor_gl_4k.png" id="4_5pf8h"]
[ext_resource type="Texture2D" uid="uid://cfda5y50ctsuv" path="res://textures/aerial_rocks_02_rough_4k.png" id="5_4nqeg"]

[sub_resource type="StandardMaterial3D" id="StandardMaterial3D_ni0b4"]
albedo_texture = ExtResource("3_i56a4")
roughness_texture = ExtResource("5_4nqeg")
normal_enabled = true
normal_texture = ExtResource("4_5pf8h")
uv1_scale = Vector3(40, 40, 40)

[sub_resource type="PlaneMesh" id="PlaneMesh_3febj"]
material = SubResource("StandardMaterial3D_ni0b4")
size = Vector2(100, 100)

[sub_resource type="BoxShape3D" id="BoxShape3D_ncsy8"]
size = Vector3(5, 0, 5)

[node name="Game" type="Node3D"]
transform = Transform3D(1, 0, 0, 0, 1, 0, 0, 0, 1, 0, 0.00862551, 0)

[node name="Sunlight" type="DirectionalLight3D" parent="."]
transform = Transform3D(-0.792324, 0.536272, -0.290921, -0.604162, -0.623291, 0.496484, 0.0849222, 0.56914, 0.817843, -0.191479, 6.38983, 7.61814)
light_color = Color(0.968743, 0.923408, 0.906686, 1)
shadow_enabled = true

[node name="Player" type="Node" parent="." node_paths=PackedStringArray("_character", "_camera")]
script = ExtResource("2_tqwri")
_character = NodePath("../CharacterBody3D")
_camera = NodePath("../CharacterBody3D/Camera")

[node name="CharacterBody3D" parent="." instance=ExtResource("3_ukj5h")]
transform = Transform3D(1, 0, 0, 0, 1, 0, 0, 0, 1, 0, 1, 0)

[node name="Camera" type="Camera3D" parent="CharacterBody3D"]
transform = Transform3D(1, 0, 0, 0, 0.858065, 0.513541, 0, -0.513541, 0.858065, 0.209234, 3.69924, 4.22399)

[node name="Floor" type="StaticBody3D" parent="."]
transform = Transform3D(5, 0, 0, 0, 5, 0, 0, 0, 5, 0, -2.38419e-07, 0)

[node name="MeshInstance3D" type="MeshInstance3D" parent="Floor"]
transform = Transform3D(0.999999, 0.00119346, -0.000694352, -0.00119198, 0.999997, 0.00212129, 0.000696894, -0.00212045, 0.999998, -3.8147e-07, 0, 0)
mesh = SubResource("PlaneMesh_3febj")
skeleton = NodePath("../..")

[node name="CollisionShape3D" type="CollisionShape3D" parent="Floor"]
shape = SubResource("BoxShape3D_ncsy8")
